0.05 0.05 0.05 0.05 0.05 0.05 0.05 0.05 0.55 0.05 
0.000406504065041 0.000406504065041 0.163008130081 0.0126016260163 0.000406504065041 0.0126016260163 0.809349593496 0.000406504065041 0.000406504065041 0.000406504065041 
0.00169491525424 0.289830508475 0.0186440677966 0.00169491525424 0.00169491525424 0.0186440677966 0.00169491525424 0.25593220339 0.00169491525424 0.408474576271 
0.0104761904762 0.000952380952381 0.0104761904762 0.181904761905 0.772380952381 0.0104761904762 0.0104761904762 0.000952380952381 0.000952380952381 0.000952380952381 
0.00188679245283 0.0207547169811 0.832075471698 0.00188679245283 0.00188679245283 0.00188679245283 0.00188679245283 0.00188679245283 0.00188679245283 0.133962264151 
0.111074918567 0.00358306188925 0.739739413681 0.000325732899023 0.0394136807818 0.042671009772 0.000325732899023 0.0622149837134 0.000325732899023 0.000325732899023 
0.17193877551 0.0460884353741 0.0103741496599 0.00357142857143 0.000170068027211 0.059693877551 0.000170068027211 0.0256802721088 0.682142857143 0.000170068027211 
0.153639846743 0.000383141762452 0.000383141762452 0.000383141762452 0.000383141762452 0.801149425287 0.000383141762452 0.000383141762452 0.0386973180077 0.00421455938697 
0.000806451612903 0.000806451612903 0.000806451612903 0.000806451612903 0.000806451612903 0.992741935484 0.000806451612903 0.000806451612903 0.000806451612903 0.000806451612903 
0.00285714285714 0.00285714285714 0.00285714285714 0.00285714285714 0.26 0.545714285714 0.00285714285714 0.00285714285714 0.145714285714 0.0314285714286 
0.241426403642 0.000151745068285 0.00318664643399 0.0213960546282 0.104855842185 0.000151745068285 0.628376327769 0.000151745068285 0.000151745068285 0.000151745068285 
0.145820433437 0.179876160991 0.00340557275542 0.204643962848 0.0498452012384 0.0312693498452 0.028173374613 0.00030959752322 0.0869969040248 0.269659442724 
0.128816466552 0.000171526586621 0.0739279588336 0.000171526586621 0.65025728988 0.000171526586621 0.145969125214 0.000171526586621 0.000171526586621 0.000171526586621 
0.0030303030303 0.0030303030303 0.0030303030303 0.0030303030303 0.972727272727 0.0030303030303 0.0030303030303 0.0030303030303 0.0030303030303 0.0030303030303 
0.00181818181818 0.00181818181818 0.00181818181818 0.00181818181818 0.874545454545 0.0745454545455 0.00181818181818 0.0381818181818 0.00181818181818 0.00181818181818 
0.130460921844 0.000200400801603 0.000200400801603 0.000200400801603 0.000200400801603 0.00821643286573 0.12244488978 0.0202404809619 0.717635270541 0.000200400801603 
0.114015151515 0.000378787878788 0.0193181818182 0.0875 0.000378787878788 0.564772727273 0.000378787878788 0.000378787878788 0.2125 0.000378787878788 
0.317346938776 0.00102040816327 0.286734693878 0.00102040816327 0.00102040816327 0.347959183673 0.00102040816327 0.0418367346939 0.00102040816327 0.00102040816327 
0.000943396226415 0.0198113207547 0.0952830188679 0.000943396226415 0.821698113208 0.0198113207547 0.000943396226415 0.000943396226415 0.000943396226415 0.038679245283 
0.00021645021645 0.00021645021645 0.156060606061 0.320562770563 0.00454545454545 0.00021645021645 0.00021645021645 0.372510822511 0.00238095238095 0.143073593074 
0.0130952380952 0.405952380952 0.334523809524 0.00119047619048 0.120238095238 0.00119047619048 0.00119047619048 0.108333333333 0.00119047619048 0.0130952380952 
0.382690960056 0.487806587246 7.00770847933e-05 0.0589348283111 7.00770847933e-05 7.00770847933e-05 0.0701471618781 7.00770847933e-05 7.00770847933e-05 7.00770847933e-05 
0.000162866449511 0.0441368078176 0.640228013029 0.000162866449511 0.000162866449511 0.000162866449511 0.109283387622 0.205374592834 0.000162866449511 0.000162866449511 
0.000518134715026 0.000518134715026 0.000518134715026 0.0160621761658 0.000518134715026 0.000518134715026 0.0160621761658 0.964248704663 0.000518134715026 0.000518134715026 
0.0650462962963 0.000231481481481 0.0511574074074 0.305787037037 0.449305555556 0.0326388888889 0.000231481481481 0.000231481481481 0.0280092592593 0.0673611111111 
0.00131578947368 0.0934210526316 0.330263157895 0.00131578947368 0.00131578947368 0.00131578947368 0.0144736842105 0.553947368421 0.00131578947368 0.00131578947368 
0.0027027027027 0.0027027027027 0.948648648649 0.0027027027027 0.0027027027027 0.0027027027027 0.0027027027027 0.0297297297297 0.0027027027027 0.0027027027027 
0.000269541778976 0.000269541778976 0.000269541778976 0.00566037735849 0.10269541779 0.000269541778976 0.784636118598 0.10269541779 0.000269541778976 0.00296495956873 
0.29625 0.000416666666667 0.00458333333333 0.000416666666667 0.00875 0.104583333333 0.000416666666667 0.000416666666667 0.58375 0.000416666666667 
0.00188679245283 0.0207547169811 0.152830188679 0.00188679245283 0.00188679245283 0.133962264151 0.0962264150943 0.171698113208 0.416981132075 0.00188679245283 
0.0010752688172 0.0010752688172 0.130107526882 0.64623655914 0.151612903226 0.0010752688172 0.0225806451613 0.0010752688172 0.0440860215054 0.0010752688172 
0.0469578783151 0.00171606864275 0.0890795631825 0.09375975039 0.00015600624025 0.00015600624025 0.00951638065523 0.758346333853 0.00015600624025 0.00015600624025 
0.000157977883096 0.000157977883096 0.000157977883096 0.000157977883096 0.245023696682 0.000157977883096 0.0522906793049 0.158135860979 0.00173775671406 0.542022116904 
0.00114942528736 0.00114942528736 0.966666666667 0.00114942528736 0.00114942528736 0.00114942528736 0.00114942528736 0.0241379310345 0.00114942528736 0.00114942528736 
0.00131578947368 0.172368421053 0.0144736842105 0.00131578947368 0.0671052631579 0.00131578947368 0.00131578947368 0.738157894737 0.00131578947368 0.00131578947368 
0.639297124601 0.000319488817891 0.000319488817891 0.000319488817891 0.000319488817891 0.000319488817891 0.0130990415335 0.262300319489 0.0833865814696 0.000319488817891 
0.446341463415 0.0282229965157 0.00383275261324 0.0317073170732 0.226829268293 0.000348432055749 0.0456445993031 0.20243902439 0.0142857142857 0.000348432055749 
0.00161290322581 0.00161290322581 0.598387096774 0.00161290322581 0.00161290322581 0.00161290322581 0.0177419354839 0.340322580645 0.0338709677419 0.00161290322581 
0.00797101449275 0.0876811594203 0.000724637681159 0.000724637681159 0.754347826087 0.000724637681159 0.145652173913 0.000724637681159 0.000724637681159 0.000724637681159 
0.132608695652 0.0673913043478 0.110869565217 0.480434782609 0.00217391304348 0.0891304347826 0.00217391304348 0.00217391304348 0.00217391304348 0.110869565217 
0.00384615384615 0.00384615384615 0.00384615384615 0.00384615384615 0.926923076923 0.00384615384615 0.00384615384615 0.00384615384615 0.0423076923077 0.00384615384615 
0.00222222222222 0.246666666667 0.00222222222222 0.00222222222222 0.335555555556 0.00222222222222 0.00222222222222 0.00222222222222 0.402222222222 0.00222222222222 
0.000261780104712 0.000261780104712 0.000261780104712 0.000261780104712 0.000261780104712 0.984554973822 0.000261780104712 0.000261780104712 0.000261780104712 0.0133507853403 
0.00142857142857 0.215714285714 0.00142857142857 0.00142857142857 0.00142857142857 0.00142857142857 0.00142857142857 0.772857142857 0.00142857142857 0.00142857142857 
0.000352112676056 0.000352112676056 0.0848591549296 0.000352112676056 0.422887323944 0.000352112676056 0.190492957746 0.299647887324 0.000352112676056 0.000352112676056 
0.000564971751412 0.000564971751412 0.893220338983 0.0231638418079 0.00621468926554 0.000564971751412 0.0683615819209 0.000564971751412 0.00621468926554 0.000564971751412 
0.195513459621 0.0270189431705 0.00109670987039 0.0260219341974 0.0609172482552 0.00807577268195 0.10777666999 0.512562313061 9.97008973081e-05 0.0609172482552 
0.0674496644295 0.000335570469799 0.258724832215 0.520469798658 0.000335570469799 0.000335570469799 0.000335570469799 0.137919463087 0.0137583892617 0.000335570469799 
0.673770491803 0.0016393442623 0.149180327869 0.0016393442623 0.0180327868852 0.0016393442623 0.0016393442623 0.0344262295082 0.116393442623 0.0016393442623 
0.394647887324 0.0397183098592 0.000281690140845 0.0847887323944 0.0030985915493 0.000281690140845 0.121408450704 0.0847887323944 0.270704225352 0.000281690140845 
0.000704225352113 0.000704225352113 0.000704225352113 0.000704225352113 0.564084507042 0.000704225352113 0.141549295775 0.197887323944 0.0922535211268 0.000704225352113 
0.000884955752212 0.053982300885 0.000884955752212 0.0274336283186 0.57610619469 0.000884955752212 0.328318584071 0.000884955752212 0.000884955752212 0.00973451327434 
0.0101485148515 0.000247524752475 0.00272277227723 0.000247524752475 0.000247524752475 0.000247524752475 0.188366336634 0.000247524752475 0.52004950495 0.277475247525 
0.0816091954023 0.00114942528736 0.851724137931 0.00114942528736 0.0471264367816 0.00114942528736 0.0126436781609 0.00114942528736 0.00114942528736 0.00114942528736 
0.121079691517 0.00025706940874 0.00025706940874 0.046529562982 0.020822622108 0.640359897172 0.00282776349614 0.0156812339332 0.0568123393316 0.0953727506427 
0.0283163265306 0.0257653061224 0.000255102040816 0.00280612244898 0.00280612244898 0.729846938776 0.000255102040816 0.000255102040816 0.20943877551 0.000255102040816 
0.000236406619385 0.0096926713948 0.399763593381 0.000236406619385 0.000236406619385 0.000236406619385 0.0593380614657 0.527423167849 0.000236406619385 0.00260047281324 
0.147457627119 0.000564971751412 0.13615819209 0.000564971751412 0.401694915254 0.000564971751412 0.0853107344633 0.226553672316 0.000564971751412 0.000564971751412 
0.00153846153846 0.00153846153846 0.586153846154 0.00153846153846 0.109230769231 0.00153846153846 0.00153846153846 0.00153846153846 0.00153846153846 0.293846153846 
0.158737151248 0.155800293686 0.00014684287812 0.239500734214 0.0559471365639 0.00895741556535 0.00014684287812 0.36872246696 0.0118942731278 0.00014684287812 
0.000420168067227 0.000420168067227 0.492016806723 0.0172268907563 0.000420168067227 0.000420168067227 0.013025210084 0.445798319328 0.000420168067227 0.0298319327731 
0.00344827586207 0.00344827586207 0.00344827586207 0.00344827586207 0.865517241379 0.00344827586207 0.00344827586207 0.106896551724 0.00344827586207 0.00344827586207 
0.272330097087 0.000485436893204 0.097572815534 0.000485436893204 0.184951456311 0.000485436893204 0.0101941747573 0.097572815534 0.335436893204 0.000485436893204 
0.00441767068273 0.000401606425703 0.558634538153 0.4140562249 0.00441767068273 0.0124497991968 0.000401606425703 0.000401606425703 0.000401606425703 0.00441767068273 
0.000320512820513 0.000320512820513 0.0996794871795 0.000320512820513 0.000320512820513 0.00352564102564 0.400961538462 0.49391025641 0.000320512820513 0.000320512820513 
0.00140845070423 0.0577464788732 0.607042253521 0.00140845070423 0.00140845070423 0.00140845070423 0.00140845070423 0.00140845070423 0.325352112676 0.00140845070423 
0.274680851064 0.000212765957447 0.578936170213 0.112978723404 0.000212765957447 0.0193617021277 0.000212765957447 0.0129787234043 0.000212765957447 0.000212765957447 
0.00138888888889 0.0152777777778 0.0708333333333 0.00138888888889 0.209722222222 0.00138888888889 0.00138888888889 0.695833333333 0.00138888888889 0.00138888888889 
0.0025641025641 0.0025641025641 0.0025641025641 0.0025641025641 0.976923076923 0.0025641025641 0.0025641025641 0.0025641025641 0.0025641025641 0.0025641025641 
0.00133333333333 0.00133333333333 0.388 0.00133333333333 0.00133333333333 0.00133333333333 0.00133333333333 0.601333333333 0.00133333333333 0.00133333333333 
0.0012987012987 0.442857142857 0.0012987012987 0.0142857142857 0.0012987012987 0.144155844156 0.17012987013 0.0012987012987 0.17012987013 0.0532467532468 
0.000381679389313 0.000381679389313 0.000381679389313 0.000381679389313 0.000381679389313 0.0118320610687 0.0118320610687 0.966030534351 0.00801526717557 0.000381679389313 
0.000446428571429 0.000446428571429 0.603125 0.000446428571429 0.308482142857 0.000446428571429 0.0808035714286 0.000446428571429 0.00491071428571 0.000446428571429 
0.0148648648649 0.00135135135135 0.622972972973 0.00135135135135 0.0148648648649 0.00135135135135 0.00135135135135 0.339189189189 0.00135135135135 0.00135135135135 
0.0538461538462 0.00650887573964 0.000591715976331 0.113017751479 0.000591715976331 0.544970414201 0.0597633136095 0.00650887573964 0.213609467456 0.000591715976331 
0.192063492063 0.0015873015873 0.0015873015873 0.0015873015873 0.0015873015873 0.0809523809524 0.0015873015873 0.0015873015873 0.715873015873 0.0015873015873 
0.00042194092827 0.00042194092827 0.274683544304 0.00042194092827 0.0594936708861 0.00042194092827 0.641772151899 0.00042194092827 0.00042194092827 0.0215189873418 
0.00131578947368 0.0144736842105 0.488157894737 0.0276315789474 0.198684210526 0.00131578947368 0.00131578947368 0.264473684211 0.00131578947368 0.00131578947368 
0.0037037037037 0.0037037037037 0.0037037037037 0.0037037037037 0.966666666667 0.0037037037037 0.0037037037037 0.0037037037037 0.0037037037037 0.0037037037037 
0.488679245283 0.00020964360587 0.00020964360587 0.0232704402516 0.00440251572327 0.264360587002 0.00020964360587 0.00440251572327 0.214046121593 0.00020964360587 
0.304464285714 0.00982142857143 0.000892857142857 0.00982142857143 0.277678571429 0.000892857142857 0.000892857142857 0.286607142857 0.000892857142857 0.108035714286 
0.00769230769231 0.0101736972705 0.000248138957816 0.0771712158809 0.198759305211 0.0275434243176 0.665260545906 0.00272952853598 0.0101736972705 0.000248138957816 
0.00113636363636 0.103409090909 0.0125 0.00113636363636 0.00113636363636 0.160227272727 0.00113636363636 0.00113636363636 0.717045454545 0.00113636363636 
0.138510638298 0.11085106383 0.000212765957447 0.157659574468 0.000212765957447 0.00659574468085 0.00446808510638 0.03 0.00872340425532 0.542765957447 
0.0025641025641 0.0025641025641 0.0025641025641 0.0025641025641 0.925641025641 0.0025641025641 0.0282051282051 0.0025641025641 0.0282051282051 0.0025641025641 
0.000757575757576 0.000757575757576 0.000757575757576 0.000757575757576 0.000757575757576 0.364393939394 0.000757575757576 0.000757575757576 0.614393939394 0.0159090909091 
0.00111111111111 0.00111111111111 0.867777777778 0.00111111111111 0.00111111111111 0.0233333333333 0.00111111111111 0.00111111111111 0.00111111111111 0.101111111111 
0.00964912280702 0.000877192982456 0.000877192982456 0.000877192982456 0.000877192982456 0.95701754386 0.000877192982456 0.000877192982456 0.0271929824561 0.000877192982456 
0.0238317757009 0.0238317757009 0.00514018691589 0.000467289719626 0.000467289719626 0.883644859813 0.0331775700935 0.000467289719626 0.0285046728972 0.000467289719626 
0.122727272727 0.334848484848 0.0166666666667 0.00151515151515 0.00151515151515 0.00151515151515 0.0166666666667 0.501515151515 0.00151515151515 0.00151515151515 
0.0488372093023 0.304651162791 0.00232558139535 0.00232558139535 0.327906976744 0.00232558139535 0.00232558139535 0.304651162791 0.00232558139535 0.00232558139535 
0.0374074074074 0.0559259259259 0.00037037037037 0.00037037037037 0.00037037037037 0.685555555556 0.00037037037037 0.00407407407407 0.215185185185 0.00037037037037 
0.0161417322835 0.000393700787402 0.0161417322835 0.567322834646 0.0673228346457 0.000393700787402 0.216929133858 0.114566929134 0.000393700787402 0.000393700787402 
0.000274725274725 0.000274725274725 0.000274725274725 0.000274725274725 0.000274725274725 0.000274725274725 0.000274725274725 0.983791208791 0.014010989011 0.000274725274725 
0.224754098361 0.037868852459 0.00016393442623 0.0624590163934 0.065737704918 0.0149180327869 0.00016393442623 0.00016393442623 0.550983606557 0.0427868852459 
0.172406181015 0.0774834437086 0.00242825607064 0.064238410596 0.000220750551876 0.439514348786 0.000220750551876 0.000220750551876 0.243046357616 0.000220750551876 
0.208349328215 9.59692898273e-05 0.0010556621881 0.328310940499 0.222744721689 9.59692898273e-05 0.150767754319 0.0883877159309 9.59692898273e-05 9.59692898273e-05 
0.0649063032368 0.0461669505963 0.000170357751278 0.000170357751278 0.000170357751278 0.0155025553663 0.000170357751278 0.00698466780239 0.858773424191 0.00698466780239 
0.0493006993007 0.00034965034965 0.00034965034965 0.0388111888112 0.00734265734266 0.0143356643357 0.00034965034965 0.00034965034965 0.888461538462 0.00034965034965 
0.114971751412 0.0161016949153 9.41619585687e-05 0.00386064030132 0.247740112994 9.41619585687e-05 9.41619585687e-05 0.616854990584 9.41619585687e-05 9.41619585687e-05 
0.0560606060606 0.227777777778 0.000505050505051 0.232828282828 0.232828282828 0.000505050505051 0.000505050505051 0.126767676768 0.121717171717 0.000505050505051 
0.00037037037037 0.00037037037037 0.03 0.133703703704 0.344814814815 0.0522222222222 0.00037037037037 0.00037037037037 0.00037037037037 0.437407407407 
0.000247524752475 0.000247524752475 0.015099009901 0.000247524752475 0.000247524752475 0.000247524752475 0.0720297029703 0.911138613861 0.000247524752475 0.000247524752475 
0.0449275362319 0.798550724638 0.0304347826087 0.00144927536232 0.102898550725 0.00144927536232 0.00144927536232 0.0159420289855 0.00144927536232 0.00144927536232 
0.000632911392405 0.000632911392405 0.823417721519 0.000632911392405 0.000632911392405 0.0259493670886 0.000632911392405 0.146202531646 0.000632911392405 0.000632911392405 
0.000854700854701 0.000854700854701 0.0350427350427 0.000854700854701 0.103418803419 0.000854700854701 0.188888888889 0.376923076923 0.291452991453 0.000854700854701 
0.0283720930233 0.00046511627907 0.00046511627907 0.00046511627907 0.00976744186047 0.958604651163 0.00046511627907 0.00046511627907 0.00046511627907 0.00046511627907 
0.00111111111111 0.00111111111111 0.00111111111111 0.00111111111111 0.812222222222 0.00111111111111 0.00111111111111 0.167777777778 0.00111111111111 0.0122222222222 
0.544362745098 0.000245098039216 0.000245098039216 0.0541666666667 0.000245098039216 0.0884803921569 0.00514705882353 0.000245098039216 0.306617647059 0.000245098039216 
0.00243902439024 0.90487804878 0.0512195121951 0.00243902439024 0.00243902439024 0.00243902439024 0.00243902439024 0.00243902439024 0.0268292682927 0.00243902439024 
0.105789473684 0.000526315789474 0.29 0.00578947368421 0.000526315789474 0.000526315789474 0.000526315789474 0.0321052631579 0.00578947368421 0.558421052632 
0.253313253012 0.181024096386 0.096686746988 0.00331325301205 0.20813253012 0.000301204819277 0.0153614457831 0.0756024096386 0.000301204819277 0.165963855422 
0.0896132596685 0.000110497237569 0.101767955801 0.14817679558 0.0509392265193 0.000110497237569 0.59679558011 0.0122651933702 0.000110497237569 0.000110497237569 
0.000303951367781 0.0185410334347 0.714589665653 0.000303951367781 0.0854103343465 0.106686930091 0.0732522796353 0.000303951367781 0.000303951367781 0.000303951367781 
0.0152694610778 0.000299401197605 0.000299401197605 0.000299401197605 0.856586826347 0.0122754491018 0.0991017964072 0.000299401197605 0.000299401197605 0.0152694610778 
0.40289017341 0.00019267822736 0.549325626204 0.00211946050096 0.00019267822736 0.00211946050096 0.00019267822736 0.0425818882466 0.00019267822736 0.00019267822736 
0.000751879699248 0.0684210526316 0.504511278195 0.0308270676692 0.233834586466 0.0383458646617 0.0609022556391 0.00827067669173 0.0533834586466 0.000751879699248 
0.00232558139535 0.304651162791 0.00232558139535 0.0720930232558 0.258139534884 0.00232558139535 0.00232558139535 0.0255813953488 0.00232558139535 0.327906976744 
0.0015625 0.0328125 0.5796875 0.0015625 0.3609375 0.0015625 0.0015625 0.0015625 0.0171875 0.0015625 
0.326966292135 0.00112359550562 0.641573033708 0.023595505618 0.00112359550562 0.00112359550562 0.00112359550562 0.00112359550562 0.00112359550562 0.00112359550562 
0.000854700854701 0.000854700854701 0.906837606838 0.00940170940171 0.0777777777778 0.000854700854701 0.000854700854701 0.000854700854701 0.000854700854701 0.000854700854701 
0.00569105691057 0.000271002710027 0.517886178862 0.000271002710027 0.0815718157182 0.000271002710027 0.20352303523 0.189972899729 0.000271002710027 0.000271002710027 
0.00112359550562 0.00112359550562 0.776404494382 0.192134831461 0.023595505618 0.00112359550562 0.00112359550562 0.00112359550562 0.00112359550562 0.00112359550562 
0.0324468085106 0.000531914893617 0.335638297872 0.580319148936 0.0377659574468 0.000531914893617 0.011170212766 0.000531914893617 0.000531914893617 0.000531914893617 
0.061 0.001 0.781 0.001 0.151 0.001 0.001 0.001 0.001 0.001 
0.000452488687783 0.000452488687783 0.000452488687783 0.000452488687783 0.000452488687783 0.905429864253 0.0321266968326 0.000452488687783 0.0457013574661 0.0140271493213 
0.03875 0.00125 0.02625 0.00125 0.70125 0.00125 0.21375 0.00125 0.01375 0.00125 
0.00117647058824 0.00117647058824 0.00117647058824 0.189411764706 0.777647058824 0.00117647058824 0.0247058823529 0.00117647058824 0.00117647058824 0.00117647058824 
0.00142857142857 0.00142857142857 0.487142857143 0.00142857142857 0.00142857142857 0.00142857142857 0.00142857142857 0.372857142857 0.13 0.00142857142857 
0.644252873563 0.000574712643678 0.0293103448276 0.000574712643678 0.305172413793 0.000574712643678 0.000574712643678 0.000574712643678 0.00632183908046 0.0120689655172 
0.000909090909091 0.000909090909091 0.000909090909091 0.000909090909091 0.182727272727 0.000909090909091 0.31 0.000909090909091 0.500909090909 0.000909090909091 
0.000169779286927 0.0171477079796 0.000169779286927 0.000169779286927 0.0018675721562 0.095246179966 0.000169779286927 0.000169779286927 0.883022071307 0.0018675721562 
0.00166666666667 0.0183333333333 0.868333333333 0.101666666667 0.00166666666667 0.00166666666667 0.00166666666667 0.00166666666667 0.00166666666667 0.00166666666667 
0.0928741092637 0.299524940618 0.000237529691211 0.000237529691211 0.0429928741093 0.000237529691211 0.000237529691211 0.000237529691211 0.00973871733967 0.553681710214 
0.0822265625 0.0001953125 0.2267578125 0.0392578125 0.1662109375 0.0001953125 0.1271484375 0.3576171875 0.0001953125 0.0001953125 
0.159953703704 0.0650462962963 0.0118055555556 0.0141203703704 0.000231481481481 0.000231481481481 0.0025462962963 0.743287037037 0.000231481481481 0.0025462962963 
0.00147058823529 0.00147058823529 0.00147058823529 0.00147058823529 0.00147058823529 0.972058823529 0.0161764705882 0.00147058823529 0.00147058823529 0.00147058823529 
0.00227272727273 0.00227272727273 0.956818181818 0.00227272727273 0.00227272727273 0.00227272727273 0.00227272727273 0.00227272727273 0.025 0.00227272727273 
0.00131578947368 0.00131578947368 0.277631578947 0.00131578947368 0.0276315789474 0.00131578947368 0.00131578947368 0.685526315789 0.00131578947368 0.00131578947368 
0.180184331797 0.0235023041475 0.115668202765 0.000460829493088 0.000460829493088 0.000460829493088 0.645622119816 0.00967741935484 0.000460829493088 0.0235023041475 
0.000719424460432 0.0294964028777 0.389208633094 0.16618705036 0.000719424460432 0.0798561151079 0.288489208633 0.000719424460432 0.0438848920863 0.000719424460432 
0.000877192982456 0.000877192982456 0.0271929824561 0.000877192982456 0.0184210526316 0.904385964912 0.000877192982456 0.000877192982456 0.000877192982456 0.0447368421053 
0.000253807106599 0.00532994923858 0.142385786802 0.00532994923858 0.000253807106599 0.000253807106599 0.000253807106599 0.840355329949 0.00532994923858 0.000253807106599 
0.000490196078431 0.000490196078431 0.000490196078431 0.000490196078431 0.216176470588 0.025 0.000490196078431 0.000490196078431 0.00539215686275 0.750490196078 
0.0403875968992 0.000852713178295 0.230310077519 0.036511627907 0.206279069767 7.7519379845e-05 0.437286821705 0.0481395348837 7.7519379845e-05 7.7519379845e-05 
0.00125 0.92625 0.01375 0.00125 0.00125 0.03875 0.01375 0.00125 0.00125 0.00125 
0.211342894394 0.04185136897 0.449934810952 0.213950456323 0.00013037809648 0.00013037809648 0.0379400260756 0.0275097783572 0.00664928292047 0.0105606258149 
0.000328947368421 0.0101973684211 0.000328947368421 0.000328947368421 0.000328947368421 0.987171052632 0.000328947368421 0.000328947368421 0.000328947368421 0.000328947368421 
0.000473933649289 0.000473933649289 0.000473933649289 0.000473933649289 0.000473933649289 0.995734597156 0.000473933649289 0.000473933649289 0.000473933649289 0.000473933649289 
0.0125 0.00113636363636 0.194318181818 0.171590909091 0.296590909091 0.0920454545455 0.00113636363636 0.217045454545 0.00113636363636 0.0125 
0.05546875 0.00078125 0.45390625 0.00078125 0.29765625 0.00859375 0.13359375 0.00078125 0.00078125 0.04765625 
0.00108695652174 0.00108695652174 0.00108695652174 0.00108695652174 0.903260869565 0.00108695652174 0.0880434782609 0.00108695652174 0.00108695652174 0.00108695652174 
0.0179945054945 0.142994505495 0.0427197802198 0.251510989011 0.436950549451 0.000137362637363 0.045467032967 0.0221153846154 0.0193681318681 0.0207417582418 
0.00151515151515 0.00151515151515 0.00151515151515 0.00151515151515 0.00151515151515 0.986363636364 0.00151515151515 0.00151515151515 0.00151515151515 0.00151515151515 
0.000253807106599 0.000253807106599 0.000253807106599 0.000253807106599 0.00279187817259 0.992639593909 0.000253807106599 0.000253807106599 0.000253807106599 0.00279187817259 
0.212466843501 0.0294429708223 0.00026525198939 0.00026525198939 0.0798408488064 0.00026525198939 0.00026525198939 0.0161803713528 0.658090185676 0.00291777188329 
0.0751336898396 0.000267379679144 0.0911764705882 0.0136363636364 0.000267379679144 0.000267379679144 0.219518716578 0.599197860963 0.000267379679144 0.000267379679144 
0.00634674922601 0.00479876160991 0.00170278637771 0.00015479876161 0.0357585139319 0.00170278637771 0.94907120743 0.00015479876161 0.00015479876161 0.00015479876161 
0.000561797752809 0.000561797752809 0.000561797752809 0.000561797752809 0.0848314606742 0.0398876404494 0.399438202247 0.000561797752809 0.42191011236 0.0511235955056 
0.00120481927711 0.14578313253 0.0493975903614 0.00120481927711 0.796385542169 0.00120481927711 0.00120481927711 0.00120481927711 0.00120481927711 0.00120481927711 
0.348622366288 0.0471636952998 0.000162074554295 0.0358184764992 0.0990275526742 0.000162074554295 0.000162074554295 0.134683954619 0.330794165316 0.00340356564019 
0.00208333333333 0.00208333333333 0.272916666667 0.00208333333333 0.0229166666667 0.00208333333333 0.60625 0.0854166666667 0.00208333333333 0.00208333333333 
0.00144927536232 0.00144927536232 0.827536231884 0.0594202898551 0.00144927536232 0.0449275362319 0.00144927536232 0.00144927536232 0.0594202898551 0.00144927536232 
0.00114942528736 0.00114942528736 0.3 0.0586206896552 0.633333333333 0.00114942528736 0.00114942528736 0.00114942528736 0.00114942528736 0.00114942528736 
0.00658307210031 0.000313479623824 0.000313479623824 0.172727272727 0.815360501567 0.000313479623824 0.000313479623824 0.000313479623824 0.000313479623824 0.00344827586207 
0.00458333333333 0.000416666666667 0.000416666666667 0.000416666666667 0.925416666667 0.000416666666667 0.0670833333333 0.000416666666667 0.000416666666667 0.000416666666667 
0.000704225352113 0.388028169014 0.0218309859155 0.451408450704 0.000704225352113 0.000704225352113 0.000704225352113 0.000704225352113 0.000704225352113 0.134507042254 
0.188797814208 0.0904371584699 0.000273224043716 0.0959016393443 0.00846994535519 0.000273224043716 0.000273224043716 0.0112021857923 0.604098360656 0.000273224043716 
0.211111111111 0.000383141762452 0.0808429118774 0.0885057471264 0.000383141762452 0.0616858237548 0.111494252874 0.000383141762452 0.444827586207 0.000383141762452 
0.00416666666667 0.00416666666667 0.00416666666667 0.00416666666667 0.879166666667 0.00416666666667 0.0875 0.00416666666667 0.00416666666667 0.00416666666667 
0.139817232376 0.000130548302872 0.000130548302872 0.00665796344648 0.000130548302872 0.0105744125326 0.000130548302872 0.00143603133159 0.000130548302872 0.840861618799 
0.00045871559633 0.00045871559633 0.00045871559633 0.105963302752 0.266513761468 0.00045871559633 0.546330275229 0.00045871559633 0.00045871559633 0.0784403669725 
0.000884955752212 0.00973451327434 0.000884955752212 0.0185840707965 0.275221238938 0.000884955752212 0.691150442478 0.000884955752212 0.000884955752212 0.000884955752212 
0.00873015873016 0.000793650793651 0.000793650793651 0.000793650793651 0.969047619048 0.000793650793651 0.000793650793651 0.000793650793651 0.000793650793651 0.0166666666667 
0.0857954545455 0.000568181818182 0.710795454545 0.0744318181818 0.0403409090909 0.0119318181818 0.0744318181818 0.000568181818182 0.000568181818182 0.000568181818182 
0.0484419263456 0.00311614730878 0.102266288952 0.00028328611898 0.00028328611898 0.167422096317 0.00028328611898 0.00594900849858 0.671671388102 0.00028328611898 
0.000552486187845 0.000552486187845 0.541988950276 0.116574585635 0.122099447514 0.122099447514 0.000552486187845 0.0502762430939 0.000552486187845 0.0447513812155 
0.210344827586 0.00344827586207 0.00344827586207 0.00344827586207 0.762068965517 0.00344827586207 0.00344827586207 0.00344827586207 0.00344827586207 0.00344827586207 
0.0015873015873 0.0015873015873 0.0174603174603 0.0015873015873 0.54126984127 0.0015873015873 0.430158730159 0.0015873015873 0.0015873015873 0.0015873015873 
0.00144927536232 0.00144927536232 0.00144927536232 0.00144927536232 0.00144927536232 0.00144927536232 0.00144927536232 0.00144927536232 0.928985507246 0.0594202898551 
0.437693222354 0.436504161712 0.000118906064209 0.0191438763377 0.000118906064209 0.0167657550535 0.0750297265161 0.000118906064209 0.000118906064209 0.0143876337693 
0.00232558139535 0.00232558139535 0.00232558139535 0.0255813953488 0.0255813953488 0.23488372093 0.00232558139535 0.00232558139535 0.7 0.00232558139535 
0.00111111111111 0.00111111111111 0.00111111111111 0.00111111111111 0.334444444444 0.00111111111111 0.00111111111111 0.645555555556 0.0122222222222 0.00111111111111 
0.00384615384615 0.00384615384615 0.657692307692 0.00384615384615 0.311538461538 0.00384615384615 0.00384615384615 0.00384615384615 0.00384615384615 0.00384615384615 
0.00175438596491 0.00175438596491 0.440350877193 0.00175438596491 0.00175438596491 0.019298245614 0.212280701754 0.317543859649 0.00175438596491 0.00175438596491 
0.00178571428571 0.00178571428571 0.00178571428571 0.00178571428571 0.0553571428571 0.00178571428571 0.00178571428571 0.00178571428571 0.841071428571 0.0910714285714 
0.0085635359116 0.000276243093923 0.000276243093923 0.000276243093923 0.398066298343 0.00303867403315 0.0914364640884 0.497513812155 0.000276243093923 0.000276243093923 
0.211218335344 0.000120627261761 0.000120627261761 0.235343787696 0.488661037394 0.00856453558504 0.0435464414958 0.000120627261761 0.00253317249698 0.00977080820265 
0.784807256236 0.000226757369615 0.0047619047619 0.000226757369615 0.000226757369615 0.0365079365079 0.000226757369615 0.0773242630385 0.0886621315193 0.00702947845805 
0.000259067357513 0.000259067357513 0.000259067357513 0.00544041450777 0.0080310880829 0.821502590674 0.00284974093264 0.000259067357513 0.160880829016 0.000259067357513 
0.00208333333333 0.00208333333333 0.00208333333333 0.00208333333333 0.960416666667 0.0229166666667 0.00208333333333 0.00208333333333 0.00208333333333 0.00208333333333 
0.00175438596491 0.019298245614 0.00175438596491 0.00175438596491 0.00175438596491 0.826315789474 0.00175438596491 0.00175438596491 0.142105263158 0.00175438596491 
0.000641025641026 0.000641025641026 0.00705128205128 0.000641025641026 0.359615384615 0.00705128205128 0.616025641026 0.00705128205128 0.000641025641026 0.000641025641026 
0.000322580645161 0.000322580645161 0.000322580645161 0.000322580645161 0.000322580645161 0.651935483871 0.000322580645161 0.000322580645161 0.139032258065 0.206774193548 
0.000234741784038 0.0988262910798 0.000234741784038 0.000234741784038 0.16455399061 0.000234741784038 0.711502347418 0.0237089201878 0.000234741784038 0.000234741784038 
0.00108695652174 0.794565217391 0.0554347826087 0.00108695652174 0.00108695652174 0.00108695652174 0.00108695652174 0.142391304348 0.00108695652174 0.00108695652174 
0.00216110019646 0.00216110019646 0.000196463654224 0.159332023576 0.088605108055 0.00216110019646 0.000196463654224 0.137721021611 0.000196463654224 0.607269155206 
0.166548672566 0.000176991150442 0.0320353982301 0.000176991150442 0.260353982301 0.000176991150442 0.325840707965 0.214336283186 0.000176991150442 0.000176991150442 
0.00112359550562 0.00112359550562 0.00112359550562 0.0685393258427 0.00112359550562 0.630337078652 0.023595505618 0.00112359550562 0.237078651685 0.0348314606742 
0.00140845070423 0.550704225352 0.353521126761 0.00140845070423 0.00140845070423 0.0859154929577 0.00140845070423 0.00140845070423 0.00140845070423 0.00140845070423 
0.243680297398 0.0931226765799 0.578252788104 0.0596654275093 0.0187732342007 0.00390334572491 0.000185873605948 0.000185873605948 0.00204460966543 0.000185873605948 
0.000243309002433 0.000243309002433 0.000243309002433 0.000243309002433 0.000243309002433 0.078102189781 0.0245742092457 0.000243309002433 0.112165450122 0.783698296837 
0.00222222222222 0.0244444444444 0.913333333333 0.0466666666667 0.00222222222222 0.00222222222222 0.00222222222222 0.00222222222222 0.00222222222222 0.00222222222222 
0.00238095238095 0.00238095238095 0.669047619048 0.00238095238095 0.264285714286 0.05 0.00238095238095 0.00238095238095 0.00238095238095 0.00238095238095 
0.001 0.701 0.011 0.121 0.001 0.001 0.001 0.161 0.001 0.001 
0.0941520467836 0.00643274853801 0.000584795321637 0.29298245614 0.597076023392 0.000584795321637 0.00643274853801 0.000584795321637 0.000584795321637 0.000584795321637 
0.115081967213 0.170819672131 0.000327868852459 0.665901639344 0.00688524590164 0.000327868852459 0.00360655737705 0.000327868852459 0.000327868852459 0.036393442623 
0.7508994004 0.0613590939374 6.66222518321e-05 0.0586942038641 0.0173884077282 0.000732844770153 0.0367088607595 0.0300466355763 0.0247168554297 0.0193870752831 
0.00102040816327 0.00102040816327 0.00102040816327 0.0112244897959 0.694897959184 0.00102040816327 0.0826530612245 0.0418367346939 0.00102040816327 0.164285714286 
0.00142857142857 0.00142857142857 0.858571428571 0.00142857142857 0.13 0.00142857142857 0.00142857142857 0.00142857142857 0.00142857142857 0.00142857142857 
0.460050251256 0.000251256281407 0.000251256281407 0.0454773869347 0.148492462312 0.000251256281407 0.281658291457 0.000251256281407 0.000251256281407 0.0630653266332 
0.00172413793103 0.00172413793103 0.156896551724 0.00172413793103 0.00172413793103 0.00172413793103 0.00172413793103 0.829310344828 0.00172413793103 0.00172413793103 
0.0630044843049 0.000224215246637 0.598878923767 0.000224215246637 0.000224215246637 0.000224215246637 0.336547085202 0.000224215246637 0.000224215246637 0.000224215246637 
0.0030303030303 0.0939393939394 0.0030303030303 0.821212121212 0.0030303030303 0.0030303030303 0.0030303030303 0.0030303030303 0.0030303030303 0.0636363636364 
0.000666666666667 0.000666666666667 0.000666666666667 0.000666666666667 0.000666666666667 0.360666666667 0.000666666666667 0.000666666666667 0.634 0.000666666666667 
0.00185185185185 0.00185185185185 0.835185185185 0.00185185185185 0.0388888888889 0.00185185185185 0.00185185185185 0.00185185185185 0.00185185185185 0.112962962963 
0.658904109589 0.220547945205 0.0424657534247 0.0561643835616 0.0013698630137 0.0013698630137 0.0013698630137 0.0013698630137 0.0013698630137 0.0150684931507 
0.00175438596491 0.00175438596491 0.773684210526 0.0368421052632 0.00175438596491 0.10701754386 0.00175438596491 0.00175438596491 0.0719298245614 0.00175438596491 
0.0402857142857 0.066 0.000285714285714 0.180285714286 0.0717142857143 0.000285714285714 0.0345714285714 0.0117142857143 0.380285714286 0.214571428571 
0.0015873015873 0.0015873015873 0.287301587302 0.0015873015873 0.0809523809524 0.0174603174603 0.0968253968254 0.0015873015873 0.509523809524 0.0015873015873 
0.000625 0.238125 0.000625 0.000625 0.444375 0.025625 0.025625 0.263125 0.000625 0.000625 
0.000231481481481 0.000231481481481 0.0118055555556 0.000231481481481 0.0280092592593 0.000231481481481 0.821990740741 0.132175925926 0.000231481481481 0.00486111111111 
0.0189655172414 0.00172413793103 0.191379310345 0.00172413793103 0.00172413793103 0.00172413793103 0.00172413793103 0.777586206897 0.00172413793103 0.00172413793103 
0.000980392156863 0.000980392156863 0.000980392156863 0.000980392156863 0.902941176471 0.000980392156863 0.000980392156863 0.000980392156863 0.000980392156863 0.0892156862745 
0.0818801089918 0.0600817438692 0.000136239782016 0.0287465940054 0.000136239782016 0.0437329700272 0.000136239782016 0.000136239782016 0.744005449591 0.0410081743869 
0.000462962962963 0.000462962962963 0.0606481481481 0.000462962962963 0.00509259259259 0.000462962962963 0.000462962962963 0.931018518519 0.000462962962963 0.000462962962963 
0.00116279069767 0.00116279069767 0.326744186047 0.00116279069767 0.268604651163 0.0127906976744 0.00116279069767 0.38488372093 0.00116279069767 0.00116279069767 
0.679166666667 0.000595238095238 0.000595238095238 0.0363095238095 0.268452380952 0.000595238095238 0.000595238095238 0.0125 0.000595238095238 0.000595238095238 
0.411143270622 0.000144717800289 0.000144717800289 0.00159189580318 0.334442836469 0.0247467438495 0.227351664255 0.000144717800289 0.000144717800289 0.000144717800289 
0.188372093023 0.211627906977 0.00232558139535 0.00232558139535 0.281395348837 0.0255813953488 0.00232558139535 0.00232558139535 0.281395348837 0.00232558139535 
0.160779816514 0.00711009174312 0.0139908256881 0.179128440367 0.112614678899 0.000229357798165 0.00711009174312 0.362614678899 0.153899082569 0.00252293577982 
0.0534482758621 0.00172413793103 0.915517241379 0.00172413793103 0.00172413793103 0.00172413793103 0.00172413793103 0.00172413793103 0.00172413793103 0.0189655172414 
0.00131578947368 0.475 0.251315789474 0.00131578947368 0.00131578947368 0.00131578947368 0.00131578947368 0.238157894737 0.0276315789474 0.00131578947368 
0.164308681672 0.00032154340836 0.00675241157556 0.00032154340836 0.0389067524116 0.620900321543 0.00675241157556 0.00032154340836 0.161093247588 0.00032154340836 
0.0169398907104 0.000546448087432 0.0825136612022 0.000546448087432 0.000546448087432 0.000546448087432 0.000546448087432 0.896721311475 0.000546448087432 0.000546448087432 
0.00149253731343 0.00149253731343 0.00149253731343 0.0611940298507 0.40447761194 0.0164179104478 0.00149253731343 0.508955223881 0.00149253731343 0.00149253731343 
0.002 0.002 0.362 0.222 0.382 0.002 0.002 0.022 0.002 0.002 
0.0704545454545 0.00227272727273 0.00227272727273 0.00227272727273 0.911363636364 0.00227272727273 0.00227272727273 0.00227272727273 0.00227272727273 0.00227272727273 
0.000934579439252 0.0102803738318 0.000934579439252 0.000934579439252 0.000934579439252 0.0570093457944 0.131775700935 0.000934579439252 0.785981308411 0.0102803738318 
0.000990099009901 0.080198019802 0.179207920792 0.000990099009901 0.367326732673 0.000990099009901 0.1 0.268316831683 0.000990099009901 0.000990099009901 
0.00102040816327 0.00102040816327 0.327551020408 0.00102040816327 0.00102040816327 0.00102040816327 0.00102040816327 0.664285714286 0.00102040816327 0.00102040816327 
0.00153846153846 0.00153846153846 0.432307692308 0.478461538462 0.0784615384615 0.00153846153846 0.00153846153846 0.00153846153846 0.00153846153846 0.00153846153846 
0.00263157894737 0.213157894737 0.00263157894737 0.344736842105 0.423684210526 0.00263157894737 0.00263157894737 0.00263157894737 0.00263157894737 0.00263157894737 
0.0003861003861 0.0003861003861 0.0003861003861 0.0158301158301 0.17027027027 0.0003861003861 0.459845559846 0.336293436293 0.0158301158301 0.0003861003861 
0.153438556933 0.072266065389 0.00011273957159 0.133145434047 0.00011273957159 0.133145434047 0.00462232243517 0.00011273957159 0.438669673055 0.0643742953777 
0.000406504065041 0.000406504065041 0.000406504065041 0.313414634146 0.244308943089 0.000406504065041 0.000406504065041 0.000406504065041 0.423170731707 0.0166666666667 
